COPYRI

Τ110 001111111111111 011110 11011011 811101 (Tit
11101111111111 0111110100011101 010111011011100111

1110111111111101011111110111111111011 00111111001101
ex 101101101111010110 101110110101111110111111111101
conventio 10115 1111110111 1110011101111111111100

Under 00111111 001111111110111 1110011001 11111110 11
11111111011101110111111111110100011101 011011·

00111111111101111111111111011110000111001110011
1111110100111011111111111111111101111111, 1011011111 11
1001110111010 110· 111101 ,111110 10010011101 101
’11111111οῼ11111111110111111110 1111110 1010011111

This institution reserves the 11 1111 10 1011110 t·
judgment, 1111111101110111100100111011111 1111

 

