111 1 11 33

1111111111311111111111131,11111 dem:
111111, θ301311κ1111111111111 1113111111 '⁴
, 1111111311 11111 0111111 1011111111 swam,
1311111111111111111111111111111 rabiem 111111111111111εἷ
8111111110 111111111111111111111111111111111, quod 111)-
’1111111111111111110111111 1111111111 11 111111 111111·
101 1111111111 3111111111 1111111111 111, 1111 111111 no-
1111131113111111111111113311 {muns
⁷ 1111111111111111 111111113111111111111
11111111 11111111 130111 1111 1111111111. ’11111
111111111111111111 11111111 §.eriw- ·
ῑ1ῑ111111113111· 11111111131111111311111
11111111 ducentos-²555& 11 1111331 1113111111,
,1111111111 1113111111, (sosque 111111 111111111111111
,11101111 1111111111111111111, 111111 ” 11111111111-
3311111.(11111133111111111111111 Ἰ
tss'enatqs, 11111 111111 11111111 11111111111111111 1111111111
,11111 1111111111, 1111111111 1111111111111 11111 suo
1111113131ωὲ 1311ς 1111133131, 1311111113
wiffam Ε111 11111111111113111111113 1111111
1311 1311 111111111111111331111 1111111 131111-
3111) 11111191911111 111111111111111111111 ,11111111

311111311311111113111111111

,31 ’ 111111)

 

